pentagons_coordinates = [
    [0.26286555605956674, -0.8090169943749475],
    [0.8506508083520399, 0.0],
    [0.2628655560595669, 0.8090169943749473],
    [-0.6881909602355867, 0.5],
    [-0.6881909602355868, -0.5],
    [-1.6392474765307403, -0.8090169943749475],
    [-2.2270327288232132, 0.0],
    [-1.6392474765307403, 0.8090169943749473]
]

squares_coordinates = [
    [0.7071067811865476, 0.0],
    [1.7071067811865475, -0.0],
    [0, 0.7071067811865476],
    [2.414213562373095, -0.7071067811865476],
    [-0.7071067811865476, 0.0],
    [3.121320343559643, 0.0],
    [0, -0.7071067811865476],
    [2.414213562373095, 0.7071067811865476]
]
